lat	lon	title	description	iconSize	iconOffset	icon
46.514000	-84.412900	West Davignon Creek	1963, 1967, 1972	-10,-25	icons\flag.png
46.505100	-84.438800	LITTLE CARP	1958, 1959, 1963, 1967, 1972, 1977, 1981, 1985, 1989, 2004, 2011	-10,-25	icons\flag.png
46.500100	-84.441600	Big Carp R.	1960, 1964, 1968, 1972, 1978, 1983, 1987, 1993, 2001, 2008	-10,-25	icons\flag.png
46.692300	-84.423400	Cranberry Creek	1959, 1962, 1966, 1972, 1977, 1981, 1985, 1989, 1993, 2001, 2007	-10,-25	icons\flag.png
46.703300	-84.436000	GOULAIS	1960, 1964, 1970, 1974, 1979, 1990, 2004, 2011	-10,-25	icons\flag.png
46.816800	-84.408700	Stokely Creek	1960, 1962, 1964, 1968, 1972, 1977, 1979, 1982, 1983, 1984, 1985, 1990, 1993, 1995, 1999, 2002, 2005, 2009, 2012	-10,-25	icons\flag.png
46.845600	-84.374600	Harmony River	1959, 1960, 1964, 1970, 1972, 1973, 1974, 1975, 1976, 1977, 1978, 1980, 1981, 1982, 1983, 1985, 2000, 2007, 2008, 2010, 2011	-10,-25	icons\flag.png
46.875000	-84.354300	Sawmill Creek	1959, 1963, 1967, 1972, 1973, 1974, 1975, 1976, 1977, 1978, 1980, 1982, 1983, 1985, 1987, 1990, 2009, 2012	-10,-25	icons\flag.png
46.927000	-84.440500	Chippewa R.	1960, 1964, 1968, 2011	-10,-25	icons\flag.png
46.933800	-84.459000	Unger Creek	1961, 1962, 1963, 1964, 1965, 1966, 1967, 1968, 1969, 1970, 1971, 1972, 1973, 1974, 1975, 1976, 1977, 1978, 1979, 1980, 1981, 1982, 1983, 1984, 1985, 1986, 1987, 1990, 1998, 2004, 2006, 2007, 2009, 2010, 2011	-10,-25	icons\flag.png
46.930600	-84.528400	BATCHAWANA	2010	-10,-25	icons\flag.png
46.944900	-84.580100	Carp River	1959, 1961, 1962, 1963, 1964, 1965, 1966, 1967, 1968, 1969, 1971, 1972, 1973, 1974, 1975, 1976, 1977, 1978, 1979, 1980, 1981, 1982, 1983, 1984, 1985, 1987, 1990, 1994, 1998, 2000, 2001, 2003, 2005, 2006, 2007, 2011, 2012	-10,-25	icons\flag.png
46.959200	-84.662400	PANCAKE	1959, 1961, 1962, 1963, 1964, 1965, 1966, 1967, 1968, 1969, 1970, 1971, 1972, 1973, 1974, 1975, 1976, 1977, 1978, 1980, 1981, 1982, 1983, 1984, 1985, 1986, 1990, 1994, 2000, 2006, 2007, 2009	-10,-25	icons\flag.png
47.351200	-84.637700	Agawa River	1958, 1961, 1965, 1969, 1973, 1977, 1981, 1985, 1989, 1993, 1998, 2004, 2008, 2012	-10,-25	icons\flag.png
47.430800	-84.732500	Sand River	1962, 1966, 1971, 1975, 1984, 1997, 2001, 2008, 2010, 2012	-10,-25	icons\flag.png
47.589300	-85.006000	GARGANTUA	1962, 1966, 1969, 1971	-10,-25	icons\flag.png
47.785700	-84.896000	Old Woman River	1991, 1995, 1999, 2004, 2009	-10,-25	icons\flag.png
47.933900	-84.849800	MICHIPICOTEN	2012	-10,-25	icons\flag.png
47.959900	-85.196900	Dog River	1960, 1963, 1965, 1970, 1975, 1979, 1982, 1986, 1990, 1995, 1999, 2004, 2008, 2010, 2012	-10,-25	icons\flag.png
48.546800	-86.268300	White R., Main	1963, 2010	-10,-25	icons\flag.png
48.600300	-86.302400	PIC	1963, 1966, 1971, 1978, 1988, 2005, 2012	-10,-25	icons\flag.png
48.790500	-86.631700	Little Pic River	1963, 1965, 1975, 1979, 1984, 1990, 1997, 2006	-10,-25	icons\flag.png
48.782900	-86.779700	PRAIRIE	1962, 1966, 1972, 1981, 1988, 1994, 2011	-10,-25	icons\flag.png
48.771400	-86.894900	Steel R.	1962, 1966, 1972, 1989, 1994	-10,-25	icons\flag.png
48.878800	-87.558500	Pays Plat R.	1962, 1966, 1972, 1979, 1983, 1985, 1989, 2001, 2004, 2008, 2012	-10,-25	icons\flag.png
48.916800	-87.773000	Gravel River	1959, 1963, 1984, 1988, 1993, 1997, 2002, 2007, 2011	-10,-25	icons\flag.png
48.921200	-87.775300	Little Gravel River	1959, 1962, 1966, 1970, 1971, 1972, 1974, 1975, 1976, 1977, 1978, 1979, 1980, 1981, 1982, 1983, 1986, 1987, 1988, 1990, 1994, 1996, 1997, 1998, 2000, 2004, 2005, 2006, 2008, 2009, 2010, 2012	-10,-25	icons\flag.png
48.927400	-87.866700	CYPRESS	1964, 1968, 1972, 1976, 1978, 1982, 1987, 1991, 1995, 2003, 2008	-10,-25	icons\flag.png
48.993700	-88.088600	Jackfish R.	1963, 1967, 1971, 1975, 1978, 1979, 1980, 1981, 1982, 1983, 1986, 1987, 1990, 1994, 1999, 2003, 2005, 2007, 2009, 2011	-10,-25	icons\flag.png
48.966800	-88.262700	Nipigon R	1960, 1964, 1969, 1973, 1977, 1981, 1984, 1988, 1992, 1996, 2000, 2005, 2008, 2012	-10,-25	icons\flag.png
48.947632	-88.258172	Big Trout Creek	1963, 1964, 1966, 1967, 1970, 1971, 1972, 1973, 1974, 1975, 1976, 1977, 1978, 1979, 1981, 1983, 1986, 1987, 1988, 1991, 1992, 1996, 1999, 2003, 2005, 2006, 2007, 2009, 2010, 2011	-10,-25	icons\flag.png
48.622600	-88.222900	Otter Cover Creek	2009, 2010, 2011	-10,-25	icons\flag.png
48.835800	-88.404400	BLACK STURGEON	1963, 1967, 1971	-10,-25	icons\flag.png
48.849200	-88.449600	Big Squaw Creek	1960, 1966, 1970, 1975, 1979, 1983, 1988, 1995, 1999, 2005, 2011	-10,-25	icons\flag.png
48.817200	-88.486000	Wolf R.	1972	-10,-25	icons\flag.png
48.800496	-88.516452	Coldwater Creek	1961, 1962, 1966, 1970, 1972, 1976, 1978, 1980, 1984, 1988, 1990, 1994, 2000, 2003, 2007, 2011	-10,-25	icons\flag.png
48.622400	-88.613900	Pearl R.	2007, 2012	-10,-25	icons\flag.png
48.621600	-88.615800	D'Arcy Cr.	1959, 1963, 1970, 1974, 1978, 1982, 1986, 1991, 2004, 2010	-10,-25	icons\flag.png
48.572900	-88.767200	Blende Creek	2010	-10,-25	icons\flag.png
48.526400	-88.942900	Mackenzie River	1964	-10,-25	icons\flag.png
48.451800	-89.183300	Current River	1973, 1974, 1975, 1977, 1978, 1979, 1980, 1981, 1982, 1983, 1986, 1987, 1988, 2005, 2007, 2008, 2011	-10,-25	icons\flag.png
48.399400	-89.217400	NEEBING RIVER	2010	-10,-25	icons\flag.png
48.392800	-89.215300	KAMINISTIQUIA	1972, 1985, 1990, 1994, 1997, 2007, 2008	-10,-25	icons\flag.png
48.083200	-89.443300	CLOUD	1960, 1962, 1964, 1969, 1973, 1977, 1979, 1983, 1987, 1992, 1997, 2002, 2006, 2008, 2009, 2010, 2011	-10,-25	icons\flag.png
48.042700	-89.508600	Pine River	1969, 1973, 1976, 1989, 1994, 2008, 2012	-10,-25	icons\flag.png
47.999100	-89.570100	PIGEON	1973	-10,-25	icons\flag.png
46.413600	-84.574300	WAISKA RIVER	1960, 1964, 1970, 1976, 1981, 1985, 1989, 1994, 1999, 2007, 2010, 2012	-10,-25	icons\flag.png
46.444000	-84.818800	PENDILLS CREEK	1960, 1964, 1969, 1972, 1976, 1981, 1982, 1988, 2001, 2007	-10,-25	icons\flag.png
46.467500	-84.872400	GRANTS CREEK	1959, 1963, 1969, 1973, 1982, 1988, 2012	-10,-25	icons\flag.png
46.465500	-84.896600	Halfaday Creek	1959, 1963, 2008	-10,-25	icons\flag.png
46.476200	-84.969600	NAOMIKONG CREEK	2012	-10,-25	icons\flag.png
46.478000	-84.999000	ANKODOSH CREEK	1963	-10,-25	icons\flag.png
46.479200	-85.013100	ROXBURY CREEK	1959, 1963, 1973, 2008, 2011	-10,-25	icons\flag.png
46.522400	-85.056200	GALLOWAY CREEK	2008	-10,-25	icons\flag.png
46.555000	-85.029400	TAHQUAMENON RIVER	1959, 1963, 1971, 1976, 1983, 1992, 2007	-10,-25	icons\flag.png
46.675300	-85.027800	BETSY RIVER	1960, 1964, 1967, 1971, 1973, 1976, 1980, 1983, 1987, 1990, 1997, 2002, 2006, 2010	-10,-25	icons\flag.png
46.732800	-85.322200	THREE MILE CREEK	1960, 1962, 1965, 1970, 1974, 1978, 1982, 1987, 1990, 1994, 2000, 2006, 2010	-10,-25	icons\flag.png
46.711900	-85.376700	Little Two Hearted River	1962	-10,-25	icons\flag.png
46.701500	-85.414500	TWO HEARTED RIVER	1959, 1962, 1965, 1970, 1973, 1975, 1979, 1983, 1987, 1991, 2000, 2004, 2008, 2012	-10,-25	icons\flag.png
46.679900	-85.677600	DEAD SUCKER RIVER	1959, 1962, 1965, 1970, 1973, 1975, 1979, 1983, 1987, 1991, 1995, 1999, 2004, 2008, 2010	-10,-25	icons\flag.png
46.674300	-85.944300	SUCKER RIVER	1963, 1975	-10,-25	icons\flag.png
46.672400	-85.956100	CHIPMUNK CREEK	1958, 1959, 1961, 1963, 1965, 1967, 1969, 1971, 1972, 1973, 1974, 1975, 1977, 1979, 1980, 1981, 1982, 1983, 1984, 1985, 1986, 1987, 1989, 1990, 1992, 1994, 1996, 1998, 2002, 2006, 2010	-10,-25	icons\flag.png
46.669900	-85.973700	CARPENTER CREEK	1961	-10,-25	icons\flag.png
46.670900	-86.013800	SABLE CREEK	2005, 2010, 2012	-10,-25	icons\flag.png
46.655500	-86.185000	SULLIVANS CREEK	1973, 1984, 1989	-10,-25	icons\flag.png
46.621100	-86.257100	SEVEN MILE CREEK	1959, 1966, 1971, 1975, 1987, 2004, 2010	-10,-25	icons\flag.png
46.577200	-86.350600	Beaver Lake Creek (Alger)	1959, 1963, 1967	-10,-25	icons\flag.png
46.525900	-86.493600	MOSQUITO RIVER	1959, 1963, 1965, 1967, 1969, 1974, 1975, 1976, 1977, 1979, 1986, 1987, 2006, 2010	-10,-25	icons\flag.png
46.495300	-86.546700	MINERS RIVER	1958, 1963, 1969, 1973	-10,-25	icons\flag.png
46.423700	-86.628500	MUNISING FALLS CREEK	1959, 1962, 1971, 1973, 1977, 1982, 1987, 1992, 1998, 2004, 2007, 2009, 2011	-10,-25	icons\flag.png
46.411100	-86.640400	ANNA RIVER	1964	-10,-25	icons\flag.png
46.441300	-86.704600	FURNACE CREEK	1959, 1965, 2011	-10,-25	icons\flag.png
46.466000	-86.732300	FIVE MILE CREEK	1960, 1964, 1965, 1969, 1973, 1974, 1975, 1976, 1977, 1978, 1979, 1980, 1981, 1982, 1983, 1984, 1985, 1986, 1987, 1990, 1992, 1993, 2007, 2010	-10,-25	icons\flag.png
46.434400	-86.837700	AU TRAIN RIVER	1960, 1962, 1973, 1977, 1981, 1998, 2007	-10,-25	icons\flag.png
46.465300	-86.915300	ROCK RIVER	1959, 1962, 1964, 1965, 1969, 1972, 1974, 1975, 1976, 1977, 1979, 1980, 1985, 1987, 1990, 1996, 1997, 2001, 2006, 2008, 2011	-10,-25	icons\flag.png
46.473000	-86.947900	Deer Lake Creek (Sucker Run)	1958, 1961, 1962, 1963, 1967, 1971, 1974, 1978, 1990, 2000, 2001, 2002	-10,-25	icons\flag.png
46.525500	-87.028800	Laughing Whitefish River	1963, 1970	-10,-25	icons\flag.png
46.496600	-87.106700	SAND RIVER	1961, 1967, 1970, 1973, 1977, 1983, 1998, 2005, 2009, 2011	-10,-25	icons\flag.png
46.501200	-87.352400	CHOCOLAY RIVER	1960, 1964, 1969, 1972, 1985, 2012	-10,-25	icons\flag.png
46.518700	-87.383500	CARP RIVER	1958, 1961, 1966, 1970, 1973, 1981, 1984, 1988, 1991, 1994, 1998, 2002, 2006, 2009, 2010, 2012	-10,-25	icons\flag.png
46.576700	-87.392400	DEAD RIVER	1963, 1988, 1996, 2001, 2003, 2006, 2009, 2012	-10,-25	icons\flag.png
46.635900	-87.468100	HARLOW CREEK	1984, 2006, 2009, 2010, 2012	-10,-25	icons\flag.png
46.676300	-87.524700	LITTLE GARLIC RIVER	1959, 1962, 1965, 1968, 1969, 1970, 1971, 1972, 1974, 1975, 1977, 1978, 1982, 1983, 1985, 1986, 1987, 1988, 1989, 1990, 1992, 1997, 2002, 2007, 2010, 2011	-10,-25	icons\flag.png
46.714600	-87.562600	Garlic River	1959, 1965, 1967, 1970, 1974, 1978, 1982, 1985, 1989, 1996, 2000, 2002, 2006, 2009, 2010, 2012	-10,-25	icons\flag.png
46.812400	-87.652600	IRON RIVER	1959, 1961, 1964, 1965, 1966, 1967, 1969, 1972, 1974, 1975, 1976, 1977, 1979, 1980, 1981, 1982, 1983, 1984, 1985, 1989, 1993, 1999, 2000, 2003, 2006, 2009, 2011	-10,-25	icons\flag.png
46.864000	-87.772200	SALMON TROUT RIVER	1958, 1962, 1967, 1971, 1972, 1978, 1983, 1987, 1991, 1996, 2001, 2005, 2009	-10,-25	icons\flag.png
46.890100	-87.868800	PINE RIVER	1959, 1963, 1971, 1975, 1978, 1983, 1985, 1988, 1991, 1995, 2000, 2005, 2009, 2012	-10,-25	icons\flag.png
46.909532	-88.035797	HURON RIVER	1959, 1963, 1972, 1987, 2004, 2011	-10,-25	icons\flag.png
46.840900	-88.252700	RAVINE RIVER	1958, 1961, 1965, 1969, 1972, 1974, 1979, 1980, 1984, 1988, 1989, 1994, 1999, 2001, 2006, 2009	-10,-25	icons\flag.png
46.835700	-88.261800	SLATE RIVER	1960, 1964, 1969, 1972, 1973, 1974, 1975, 1976, 1977, 1978, 1979, 1980, 1981, 1982, 1984, 1985, 1987, 1998, 2003, 2004, 2005, 2006, 2007, 2008, 2009, 2010, 2011, 2012	-10,-25	icons\flag.png
46.820200	-88.288600	SILVER RIVER	1960, 1964, 1972, 1973, 1974, 1975, 1977, 1979, 1980, 1981, 1982, 1983, 1985, 2009	-10,-25	icons\flag.png
46.756200	-88.457300	FALLS RIVER	1958, 1961, 1966, 1969, 1972, 1973, 1974, 1975, 1976, 1977, 1978, 1980, 1981, 1982, 1983, 1984, 1985, 1986, 1987, 1988, 1989, 1990, 1991, 1992, 1993, 1996, 1997, 1998, 1999, 2000, 2001, 2002, 2003, 2004, 2005, 2006, 2007, 2008, 2009, 2010, 2011, 2012	-10,-25	icons\flag.png
46.753500	-88.495200	SIX MILE CREEK	1960, 1964, 1970, 1975, 1976, 1977, 1980, 1985, 1986, 1987, 1989, 1990, 1991, 1992, 1993, 1994, 1995, 1996, 1997, 2007, 2008, 2009, 2010, 2011, 2012	-10,-25	icons\flag.png
46.835000	-88.481900	LITTLE CARP RIVER	1963	-10,-25	icons\flag.png
47.035000	-88.487800	STURGEON RIVER	2012	-10,-25	icons\flag.png
47.106000	-88.158100	PILGRIM RIVER	1960, 1963, 1966, 1967, 1969, 1970, 1972, 1975, 1976, 1977, 1978, 1979, 1980, 1982, 1986, 1989, 1994, 1999, 2001, 2005, 2006, 2010	-10,-25	icons\flag.png
47.192900	-88.396100	TRAP ROCK RIVER	1962	-10,-25	icons\flag.png
47.157100	-88.405800	MCCALLUM CREEK	1963, 1998, 2002, 2005, 2009, 2010, 2011	-10,-25	icons\flag.png
47.189400	-88.236100	TRAVERSE RIVER	1963	-10,-25	icons\flag.png
47.374800	-87.964100	LITTLE GRATIOT RIVER	1959, 1963, 1964, 1968, 1971, 1973, 1975, 1978, 1981, 1982, 1986, 1990, 1994, 1997, 2001, 2002, 2006, 2008, 2009, 2012	-10,-25	icons\flag.png
47.455800	-88.159700	ELIZA CREEK	1959, 1965, 1972	-10,-25	icons\flag.png
47.344100	-88.452100	GRATIOT RIVER	1960, 1963, 1972, 1973, 1974, 1975, 1977, 2007, 2011	-10,-25	icons\flag.png
47.243800	-88.578900	Smiths Creek	1965, 1972, 1975, 1984, 2006, 2011	-10,-25	icons\flag.png
47.200000	-88.618100	BOSTON-LILY CREEK	1964	-10,-25	icons\flag.png
47.152800	-88.772800	SALMON TROUT RIVER	1962, 2012	-10,-25	icons\flag.png
47.144200	-88.269800	MUD LAKE OUTLET	1959, 1963, 1967, 1972, 1974, 1978, 1984, 1987, 1992, 2008	-10,-25	icons\flag.png
47.114700	-88.846400	GRAVERAET RIVER	1964, 1965, 1971, 1973	-10,-25	icons\flag.png
47.045900	-88.921800	ELM RIVER	1963	-10,-25	icons\flag.png
46.999300	-88.980400	MISERY RIVER	1959, 1964, 1984, 2007	-10,-25	icons\flag.png
46.986900	-89.068400	EAST SLEEPING RIVER	1959, 1962, 1969, 1974, 1978, 1982, 1985, 1988, 1993, 2000, 2007, 2011	-10,-25	icons\flag.png
46.985600	-89.080600	WEST SLEEPING RIVER	1959, 1960, 1962, 1967, 1972, 1975, 1978, 1982, 1985, 1986, 1988, 1992, 1995, 1999, 2004, 2008, 2011	-10,-25	icons\flag.png
46.934700	-89.196500	FIRESTEEL RIVER	2009	-10,-25	icons\flag.png
46.876400	-89.326800	ONTONAGON RIVER	1959, 1964, 1973, 1976, 1977, 1981, 1985, 1988, 1991, 1992, 1996, 2000, 2002, 2005, 2008, 2011	-10,-25	icons\flag.png
46.852800	-89.388100	POTATO RIVER	1960, 1963, 1967, 1969, 1971, 1973, 1975, 1978, 1981, 1982, 1985, 1988, 1992, 1996, 2001, 2005, 2008, 2012	-10,-25	icons\flag.png
46.842700	-89.419300	CRANBERRY RIVER	1959, 1964, 1969, 1971, 1974, 1977, 1978, 1980, 1986, 1989, 1990, 1997, 2000, 2001, 2005, 2008, 2011	-10,-25	icons\flag.png
46.835800	-89.547800	MINERAL RIVER	1959, 1964, 1967, 1972, 1975, 1977, 1982, 1986, 1989, 1990, 1996, 2000, 2001, 2005, 2008, 2011	-10,-25	icons\flag.png
46.827400	-89.588900	LITTLE IRON RIVER	2010	-10,-25	icons\flag.png
46.818800	-89.619000	UNION RIVER	1964, 1975	-10,-25	icons\flag.png
46.667400	-90.049100	BLACK RIVER	1964	-10,-25	icons\flag.png
46.566100	-90.418400	MONTREAL RIVER	1975, 1976, 1981, 2006, 2010, 2011	-10,-25	icons\flag.png
47.916900	-89.158900	WASHINGTON CREEK	1975	-10,-25	icons\flag.png
46.638000	-90.652400	BAD RIVER	1976, 1980	-10,-25	icons\flag.png
46.587700	-90.944100	Fish Creek (Eileen Twp.)	1960, 1963, 1964, 1968, 1969, 1971, 1973, 1977, 1978, 1980, 1984, 1988, 1991, 1995, 1998, 2001, 2003, 2005, 2007, 2008, 2011	-10,-25	icons\flag.png
46.581600	-90.541800	RED CLIFF CREEK	1959, 1963, 1967, 1972, 1980, 2007, 2010	-10,-25	icons\flag.png
46.581600	-90.541800	RASPBERRY RIVER	1990, 1992, 1994, 1998, 2001, 2004, 2007, 2011	-10,-25	icons\flag.png
46.933700	-90.935300	Sand River (Bayfield)	1963	-10,-25	icons\flag.png
46.767100	-91.487900	Iron River	1964, 1982, 1991, 2007, 2010, 2011	-10,-25	icons\flag.png
46.759200	-91.506100	REEFER CREEK	2007	-10,-25	icons\flag.png
46.756000	-91.525100	Fish Creek (Orienta Twp.)	1964	-10,-25	icons\flag.png
46.747600	-91.611900	BRULE RIVER	1964	-10,-25	icons\flag.png
46.693800	-91.796200	POPLAR RIVER	1959, 1962, 1965, 1969, 1972, 1974, 1977, 1980, 1983, 1986, 1989, 1992, 1997, 2001, 2005, 2008, 2009, 2012	-10,-25	icons\flag.png
46.690300	-91.827500	MIDDLE RIVER	1958, 1962, 1971, 1974, 1977, 1980, 1984, 1996, 2003, 2007, 2008, 2011	-10,-25	icons\flag.png
46.692000	-91.857800	AMNICON RIVER	1958, 1962, 1972, 1974, 1977, 1980, 1984, 1986, 1990, 1994, 2000, 2002, 2007, 2008	-10,-25	icons\flag.png
46.702700	-92.027500	NEMADJI RIVER	1958, 1962, 1967, 1971, 1972, 1975, 1978, 1980, 1984, 1988, 1991, 1994, 1998, 2001, 2004, 2007, 2009, 2012	-10,-25	icons\flag.png
46.749600	-92.099800	St. Louis River	1962, 1967, 1971, 1972, 1975, 1976, 1978, 1982, 1986, 1988, 1989, 1990, 1993, 1997, 2000, 2004, 2006, 2009	-10,-25	icons\flag.png
47.142700	-91.456800	GOOSEBERRY RIVER	1987	-10,-25	icons\flag.png
47.182100	-91.407900	Split Rock River	1976	-10,-25	icons\flag.png
47.635700	-90.707400	POPLAR RIVER	1960, 1964, 1976	-10,-25	icons\flag.png
47.813900	-90.052200	ARROWHEAD RIVER	1977	-10,-25	icons\flag.png
45.955800	-84.936700	BREVORT RIVER	1962, 1964, 1969, 1973, 1977, 1983, 2009	-10,-25	icons\flag.png
46.060000	-85.219900	PAQUIN CREEK	1961, 1964, 1969, 1974, 1976, 1977, 1982, 1987, 1989, 2006, 2008, 2011, 2012	-10,-25	icons\flag.png
46.062900	-85.260900	DAVENPORT CREEK	1961, 1964, 1969, 1973, 1978, 1987	-10,-25	icons\flag.png
46.074100	-85.285500	HOG ISLAND CREEK	1963, 2012	-10,-25	icons\flag.png
46.084600	-85.311400	SUCKER CREEK	1960, 1967, 1971, 1975, 1979, 1982, 1987, 1992, 1996, 2004, 2007, 2009, 2012	-10,-25	icons\flag.png
46.093600	-85.342000	BLACK RIVER	1961	-10,-25	icons\flag.png
46.089000	-85.389700	Mattix Creek	1961, 1964, 1968, 1972, 1976, 1978, 1982, 1987, 1991, 1996, 1999, 2004, 2006, 2009, 2012	-10,-25	icons\flag.png
46.102300	-85.427100	MILE CREEK	2010	-10,-25	icons\flag.png
46.096500	-85.480500	MILLECOQUINS RIVER	1961, 1964, 1968, 1972	-10,-25	icons\flag.png
46.084100	-85.534300	ROCK RIVER	1961, 1964, 1965, 1968, 1972, 1974, 1976, 1977, 1979, 1980, 1981, 1985, 1986, 1988, 1991, 1992, 1995, 2000, 2004, 2006, 2007, 2009, 2010, 2011	-10,-25	icons\flag.png
46.026600	-85.606200	CROW RIVER	1961, 1971, 1977, 1995, 2000, 2006, 2010	-10,-25	icons\flag.png
45.987400	-85.643400	CATARACT RIVER	1970, 1976, 1986, 2000, 2006, 2009	-10,-25	icons\flag.png
45.966200	-85.656600	Point Patterson Creek	1961, 1975, 2004, 2010	-10,-25	icons\flag.png
45.964200	-85.715100	HUDSON CREEK	1961, 1970, 1975, 1983	-10,-25	icons\flag.png
45.980100	-85.810100	SWAN CREEK	1961, 1966, 1970, 1974, 1978, 1984, 1990, 1998, 2008, 2010	-10,-25	icons\flag.png
45.977800	-85.821800	SEINERS CREEK	1961, 1992	-10,-25	icons\flag.png
45.967200	-85.893700	MILAKOKIA RIVER	1984	-10,-25	icons\flag.png
45.956100	-85.912300	BULLDOG CREEK	1961, 1966, 1970, 1974, 1978, 1982, 1986, 1990, 1994, 1999, 2003, 2007, 2008, 2011	-10,-25	icons\flag.png
45.961800	-86.047300	GULLIVER LAKE OUTLET	1961, 1964, 1971, 1977, 1981, 1985, 1997, 2008	-10,-25	icons\flag.png
45.965200	-86.116600	MARBLEHEAD CREEK	1961, 1964, 1971, 1977, 1988, 2000, 2007, 2012	-10,-25	icons\flag.png
45.948300	-86.245700	MANISTIQUE RIVER	1960, 1965, 1970, 1973, 1977, 1981, 1988, 1996, 2000, 2005, 2010	-10,-25	icons\flag.png
45.942200	-86.277900	SOUTHTOWN CREEK	1970, 1974, 1975, 1981, 1985, 1989, 2001, 2002, 2003, 2004, 2007, 2008, 2009, 2012	-10,-25	icons\flag.png
45.889900	-86.327500	JOHNSON CREEK	1977	-10,-25	icons\flag.png
45.867900	-86.335000	DEADHORSE CREEK	1960, 1964, 1970, 1977, 1981	-10,-25	icons\flag.png
45.840900	-86.340500	BURSAW CREEK	1960, 1967, 1971, 1977, 1991, 2004, 2009	-10,-25	icons\flag.png
45.794800	-86.412200	PARENT CREEK	1960, 1965, 1970, 1974, 1978, 1983, 1984, 1997, 2004, 2008, 2010	-10,-25	icons\flag.png
45.787100	-86.426600	POODLE PETE CREEK	1960, 1964, 1970, 1974, 1978, 1983, 1991	-10,-25	icons\flag.png
45.838900	-86.539300	VALENTINE CREEK	1961, 1964, 1970, 1975, 1991, 2001	-10,-25	icons\flag.png
45.900600	-86.567600	LITTLE FISHDAM RIVER	1961, 1967, 1968, 1974, 1977, 1991, 1997, 2008, 2012	-10,-25	icons\flag.png
45.898300	-86.579000	FISHDAM RIVER	1965, 1968, 1975, 1985, 1992, 2001	-10,-25	icons\flag.png
45.837700	-86.667200	STURGEON RIVER	1961, 1965, 1968, 1973, 1976, 1981, 1985, 1989, 1995, 1999, 2004, 2008, 2011	-10,-25	icons\flag.png
45.863900	-86.777100	OGONTZ RIVER	1963, 1966, 1970, 1974, 1977, 1979, 1982, 1985, 1989, 1994, 1998, 2003, 2004, 2006, 2008, 2010, 2011	-10,-25	icons\flag.png
45.797800	-86.986800	SQUAW CREEK	1960, 1965, 1969, 1973, 1977, 1978, 1981, 1985, 1987, 1988, 1992, 1996, 2003, 2007, 2010, 2011, 2012	-10,-25	icons\flag.png
45.883600	-86.947700	HOCK CREEK	1962, 1967, 1971, 1974, 1978, 2000, 2012	-10,-25	icons\flag.png
45.912400	-86.945500	WHITEFISH RIVER	1962, 1971, 1981	-10,-25	icons\flag.png
45.917400	-86.961800	RAPID RIVER	1962, 1965, 1968, 1971, 1973, 1976, 1978, 1979, 1980, 1983, 1986, 1989, 1990, 1992, 1995, 1998, 2001, 2004, 2006, 2008, 2011	-10,-25	icons\flag.png
45.917400	-86.972000	TACOOSH RIVER	1962, 1966, 1972, 1974, 1976, 1977, 1981, 1984, 1988, 1992, 1995, 1999, 2003, 2006, 2009, 2012	-10,-25	icons\flag.png
45.894700	-86.979500	DAYS RIVER	1962, 1966, 1988, 1992, 1996, 2000, 2004, 2007	-10,-25	icons\flag.png
45.708100	-87.084300	PORTAGE CREEK	1962, 1966, 1971, 1974, 1978, 1982, 1987, 1990, 1994, 1998, 1999, 2000, 2001, 2002, 2003, 2004, 2005, 2006, 2007, 2008, 2009, 2010, 2011, 2012	-10,-25	icons\flag.png
45.675200	-87.138000	FORD RIVER	1962, 1977, 1978, 1983, 1997, 2005, 2009	-10,-25	icons\flag.png
45.666400	-87.162700	SUNNY BROOK	1964, 1967, 1971, 1972, 1974, 1976, 1977, 1980, 1983, 1985, 1987, 1988, 1990, 1993, 1996, 2000, 2002, 2005, 2008, 2010, 2012	-10,-25	icons\flag.png
45.572800	-87.242900	BARK RIVER	1963, 1971	-10,-25	icons\flag.png
45.409500	-87.351300	CEDAR RIVER	1962, 1971, 1974, 1977, 1983, 1992, 1999, 2003, 2007, 2011	-10,-25	icons\flag.png
45.371900	-87.388000	Sugar Creek (Ruleau Creek)	1964, 1971, 1974, 1976, 1979, 1982, 1986, 1988, 1990, 1993, 1997, 2001, 2005, 2007, 2008, 2010	-10,-25	icons\flag.png
45.309331	-87.435757	ARTHUR BAY CREEK	1963, 1970, 1977, 2008	-10,-25	icons\flag.png
45.291100	-87.442900	ROCHEREAU CREEK	1964, 1970, 2010	-10,-25	icons\flag.png
45.273400	-87.465100	JOHNSON CREEK	1963	-10,-25	icons\flag.png
45.255000	-87.481700	BAILEY CREEK	1963, 2010	-10,-25	icons\flag.png
45.226700	-87.510100	BEATTIE CREEK	1963, 1972, 1977, 1993, 1998, 2002, 2007, 2009	-10,-25	icons\flag.png
45.181400	-87.566100	SPRINGER CREEK	1963, 1972, 1977, 1988, 2001, 2007, 2009	-10,-25	icons\flag.png
45.093000	-87.591600	MENOMINEE RIVER	1963, 1967, 1972, 1977, 1999, 2008	-10,-25	icons\flag.png
45.044700	-87.625300	LITTLE RIVER	1977, 2006, 2007	-10,-25	icons\flag.png
44.973000	-87.654400	PESHTIGO RIVER	1974, 1977	-10,-25	icons\flag.png
44.895000	-87.828900	OCONTO RIVER	1977, 1978, 1981, 1985, 1988, 1991, 1996, 2001, 2005, 2006, 2009, 2011	-10,-25	icons\flag.png
44.822500	-87.901700	PENSAUKEE RIVER	1976, 1987, 1997, 2001, 2005, 2009, 2012	-10,-25	icons\flag.png
45.148800	-87.179200	EPHRAIM CREEK	1964, 1977	-10,-25	icons\flag.png
44.986200	-87.174700	HIBBARDS CREEK	1963	-10,-25	icons\flag.png
44.911100	-87.212500	WHITEFISH BAY CREEK	1963, 1971, 1975, 1979, 1987, 1995, 1998, 2002, 2007	-10,-25	icons\flag.png
44.859400	-87.238700	Shivering Sands Creek	1963, 1987	-10,-25	icons\flag.png
44.846900	-87.266700	Lily Bay Creek	2012	-10,-25	icons\flag.png
44.704200	-87.354400	BEAR CREEK	1963	-10,-25	icons\flag.png
44.741800	-87.336200	Door Co. No. 23 Creek	1963, 1975	-10,-25	icons\flag.png
44.608000	-87.431260	AHNAPEE RIVER	1971, 1975, 1979, 2007	-10,-25	icons\flag.png
44.566700	-87.457200	THREE MILE CREEK	1964	-10,-25	icons\flag.png
44.458500	-87.495700	KEWAUNEE RIVER	1964, 1971, 1975, 2008	-10,-25	icons\flag.png
44.145200	-87.563200	EAST TWIN RIVER	1975, 2007	-10,-25	icons\flag.png
43.937500	-87.718300	FISCHER CREEK	1975, 1979, 1982, 1987, 1995, 2000, 2004, 2008	-10,-25	icons\flag.png
45.749600	-84.831600	CARP LAKE RIVER	1987	-10,-25	icons\flag.png
45.747400	-84.904600	BIG STONE CREEK	1965, 1971, 1975, 1978, 1982, 1983, 1984, 1985, 1986, 1988, 1990, 1992, 1994, 2004, 2009, 2012	-10,-25	icons\flag.png
45.734000	-84.949000	BIG SUCKER CREEK	1961, 1972, 1978, 1997, 2007, 2012	-10,-25	icons\flag.png
45.655700	-85.022300	WYCAMP LAKE OUTLET	1961, 1965, 1972, 1989, 2007, 2012	-10,-25	icons\flag.png
45.377200	-84.960800	Bear River	1965, 1972, 1988, 2000, 2008, 2012	-10,-25	icons\flag.png
45.285200	-85.090000	HORTON CREEK	2007	-10,-25	icons\flag.png
45.216100	-85.019800	BOYNE RIVER	1961, 1970, 1971, 1972, 1973, 1976, 1977, 1978, 1979, 1983, 1985, 1987, 1988, 1993, 2000, 2001, 2003, 2004, 2009	-10,-25	icons\flag.png
45.221700	-85.070400	PORTER CREEK	1961, 1964, 1969, 1973, 1977, 1981, 1984, 1988, 1989, 1990, 1991, 1997, 2002, 2003, 2004, 2006, 2010	-10,-25	icons\flag.png
45.156000	-85.133600	JORDAN RIVER	1961, 1970, 1971, 1972, 1973, 1979, 1988, 1992, 1994, 1998, 1999, 2000, 2001, 2004, 2009	-10,-25	icons\flag.png
45.182400	-85.165300	MONROE CREEK	1961, 1965, 1969, 1973, 1977, 1981, 1984, 1988, 1992, 1997, 2002, 2007, 2011, 2012	-10,-25	icons\flag.png
45.291500	-85.229800	LOEB CREEK	1965, 1972, 2007, 2012	-10,-25	icons\flag.png
45.306200	-85.328900	Mc Geach Creek	1961, 1965, 1971, 2004, 2008	-10,-25	icons\flag.png
44.900800	-85.417700	ELK LAKE OUTLET	1961, 1967, 1977, 1999	-10,-25	icons\flag.png
44.823100	-85.465600	YUBA CREEK	1979, 1980, 1985, 1988, 1997, 2004, 2011	-10,-25	icons\flag.png
44.774400	-85.504200	ACME CREEK	1961, 1964, 2006	-10,-25	icons\flag.png
44.749900	-85.558100	MITCHELL CREEK	1963	-10,-25	icons\flag.png
44.764900	-85.612400	BOARDMAN RIVER	1963, 1967, 1974, 1989, 1994, 1999, 2003, 2008	-10,-25	icons\flag.png
44.946700	-85.882700	GOOD HARBOR CREEK	1963, 1969, 1974, 1975, 1978, 1980, 1987, 1991, 1996, 2001, 2006, 2009, 2010, 2011, 2012	-10,-25	icons\flag.png
44.918000	-85.970900	CRYSTAL RIVER	1963, 1967, 1971, 1974, 1980, 1997, 2001, 2007, 2010	-10,-25	icons\flag.png
44.731700	-86.152900	PLATTE RIVER	1963, 1972, 2011	-10,-25	icons\flag.png
44.629200	-86.245800	BETSIE RIVER	1963, 1967, 1970, 1974, 1977, 1979, 1982, 1985, 1988, 1992, 1996, 2001, 2003, 2004, 2007, 2009, 2012	-10,-25	icons\flag.png
44.483300	-86.248000	Bowen Creek	1962, 1967, 1971, 1974, 1978, 1983, 1987, 1991, 1995, 1999, 2002, 2006, 2010	-10,-25	icons\flag.png
44.250000	-86.344400	Manistee River	2009	-10,-25	icons\flag.png
44.159600	-86.398700	GURNEY CREEK	1963, 1964, 1967, 1968, 1971, 1972, 1974, 1975, 1978, 1979, 1982, 1986, 1990, 1994, 1998, 2002, 2003, 2004, 2006, 2008, 2009, 2011, 2012	-10,-25	icons\flag.png
44.131200	-86.419800	COOPER CREEK	1972, 1976, 1981, 1986, 1993, 2001, 2005, 2009	-10,-25	icons\flag.png
43.983900	-86.471900	LINCOLN RIVER	2008	-10,-25	icons\flag.png
43.983900	-86.471900	PERE MARQUETTE RIVER	1964, 1969, 1973, 1977, 1982, 1986, 1990, 1994, 1998, 2002, 2006, 2010	-10,-25	icons\flag.png
43.832500	-86.430500	BASS LAKE OUTLET	1964, 1968, 1972, 1976, 1979, 1983, 1987, 1991, 1995, 1999, 2002, 2006, 2009, 2012	-10,-25	icons\flag.png
43.781900	-86.443400	PENTWATER RIVER	1978	-10,-25	icons\flag.png
43.560100	-86.509000	STONY CREEK	1964, 1968, 1973, 1978, 1983, 1984, 1987, 1992, 1997, 2001, 2003, 2007, 2011	-10,-25	icons\flag.png
43.468300	-86.460800	FLOWER CREEK	1965, 1975, 1981, 1987, 2010	-10,-25	icons\flag.png
43.375200	-86.427100	WHITE RIVER	1975, 1981, 2011	-10,-25	icons\flag.png
43.341900	-86.409000	DUCK CREEK	1965, 1969, 1973, 1976, 1979, 1983, 1987, 1991, 1995, 1999, 2001, 2005, 2007, 2010	-10,-25	icons\flag.png
43.227800	-86.340200	MUSKEGON RIVER	1977, 1984	-10,-25	icons\flag.png
43.166300	-86.298400	BLACK CREEK	1964, 1968, 1969, 1970, 1973, 1976, 1979, 1982, 1984, 1986, 1989, 1992, 1995, 1996, 2000, 2002, 2004, 2005, 2008, 2010, 2011	-10,-25	icons\flag.png
43.058300	-86.250800	Grand River	1964, 1970, 2008	-10,-25	icons\flag.png
42.901100	-86.215300	PIGEON RIVER	1965, 1970, 1977, 1978, 1979, 1983, 1987, 1991, 1996, 2000, 2004, 2007, 2008, 2009, 2012	-10,-25	icons\flag.png
42.779900	-86.213000	PINE CREEK	1964	-10,-25	icons\flag.png
42.719700	-86.206400	Gibson Creek (Halfway Creek)	1964	-10,-25	icons\flag.png
42.676700	-86.215300	Kalamazoo River	1965, 1984	-10,-25	icons\flag.png
42.599500	-86.225500	ALLEGAN 3 CREEK	1965, 1969, 1973, 1975, 1977, 1981, 1985, 1988, 1992, 1997, 1998, 2000, 2002, 2004, 2007, 2008, 2010, 2012	-10,-25	icons\flag.png
42.585900	-86.227300	Allegan 4 Creek (Pier Cove Creek)	1965	-10,-25	icons\flag.png
42.401600	-86.287000	BLACK RIVER	1965, 1978	-10,-25	icons\flag.png
42.314700	-86.319800	BRANDYWINE CREEK	1965, 1969, 1973, 1977, 1981, 1985, 1989, 1993, 1997, 2001, 2007, 2011	-10,-25	icons\flag.png
42.254700	-86.355800	ROGERS CREEK	1965, 1973, 1985	-10,-25	icons\flag.png
42.114200	-86.488300	St. Joseph River	1970, 1977, 1998	-10,-25	icons\flag.png
41.800800	-86.749000	GALIEN RIVER	1965, 1966, 1969, 1973, 1977, 1981, 1985, 1988, 1992, 1997, 2001, 2003, 2005, 2009, 2010, 2012	-10,-25	icons\flag.png
41.771500	-86.801900	STATE CREEK	1966, 1970, 1973, 1978, 1983, 1986, 1989, 1993, 1998, 1999, 2002, 2005, 2007, 2009, 2010, 2012	-10,-25	icons\flag.png
41.726700	-86.909300	TRAIL CREEK	1966, 1970, 1973, 1978, 1986	-10,-25	icons\flag.png
41.707200	-86.941500	DONNS CREEK	1966, 1979, 1985, 1988, 1992, 2000, 2006, 2010	-10,-25	icons\flag.png
41.632500	-87.176200	BURNS DITCH	1966	-10,-25	icons\flag.png
46.497595	-84.331857	St. Mary's R.	1966, 1973, 1977, 1983, 1986, 1988, 1993, 1999	-10,-25	icons\flag.png
46.541200	-84.206800	Root R.	1972, 1973, 1974, 1975, 1976, 1977, 1978, 1979, 1980, 1981, 1982, 1983, 1984, 1985, 1986, 1987, 1995, 1996, 1998, 1999, 2001, 2003, 2004, 2005, 2006, 2007, 2008, 2009, 2010, 2011, 2012	-10,-25	icons\flag.png
46.529200	-84.160400	Garden R.	1961, 1966, 1970, 1971, 1972, 1974, 1976, 1977, 1978, 1979, 1980, 1981, 1982, 1983, 1984, 1985, 1987, 1992, 1995, 1999, 2003, 2005, 2009, 2010	-10,-25	icons\flag.png
46.506763	-84.061969	Echo River	1966, 1970, 1974, 1977, 1978, 1979, 1980, 1981, 1982, 1983, 1984, 1985, 1987, 1990, 1994, 1997, 2001, 2002, 2006, 2009, 2010, 2011	-10,-25	icons\flag.png
46.424700	-84.101100	Bar River	1967, 1968, 1969, 1971, 1973, 1974, 1975, 1976, 1977, 1978, 1980, 1983, 1985, 1986, 1987, 1990, 1994, 1998, 1999, 2004, 2008, 2010, 2011, 2012	-10,-25	icons\flag.png
46.290000	-83.957000	Sucker Creek	1966, 2001, 2009, 2010, 2011	-10,-25	icons\flag.png
46.202100	-84.074200	Two Tree River	1961, 1966, 1970, 1974, 1978, 1979, 1980, 1984, 1989, 1995, 2000, 2005, 2010, 2012	-10,-25	icons\flag.png
46.182300	-84.057100	Richardson Cr.	1961, 1966, 1972, 1982, 1990, 2001, 2009, 2010	-10,-25	icons\flag.png
46.150700	-83.892700	Watson Cr.	1961, 1966, 1974, 1985, 1989, 1996, 2004, 2010, 2011	-10,-25	icons\flag.png
46.152300	-83.890600	Gordon Cr.	1966, 1970, 1974, 1976, 1978, 1982, 1984, 1985, 1986, 1987, 1990, 1994, 1998, 2002, 2006, 2009, 2010	-10,-25	icons\flag.png
46.154300	-83.885600	Browns Creek	1961, 1966, 1970, 1972, 1974, 1978, 1982, 1984, 1988, 1992, 1996, 2001, 2008, 2010, 2011	-10,-25	icons\flag.png
46.154300	-83.828800	Koshkawong R.	1961, 1966, 1970, 1972, 1974, 1976, 1978, 1980, 1984, 1986, 1987, 1988, 1992, 1998, 2001, 2002, 2003, 2010, 2011	-10,-25	icons\flag.png
46.201400	-83.805200	Unnamed	1966, 1970, 1974, 1978, 1982, 1985, 1989, 1993, 1997, 2000, 2006, 2010, 2012	-10,-25	icons\flag.png
46.238000	-83.840900	Unnamed	1967, 1975, 2012	-10,-25	icons\flag.png
46.286000	-83.612500	McBeth Creek	1967, 1971, 1975	-10,-25	icons\flag.png
46.251700	-83.560900	Thessalon River	1961, 1967	-10,-25	icons\flag.png
46.247300	-83.480300	Livingstone Creek	1967, 1971, 1975, 1979, 1984, 1988, 1990, 1991, 1992, 1996, 1998, 2001, 2002, 2005, 2007, 2009, 2010, 2011	-10,-25	icons\flag.png
46.177900	-83.061200	Mississagi R.	1961, 1967, 1994, 2000, 2012	-10,-25	icons\flag.png
46.183100	-82.956800	Blind R.	1961, 1967, 1969, 1970, 1971, 1972, 1975, 1978, 1979, 1980, 1981, 1983, 1987, 1991, 1995, 1998, 2000, 2004, 2008, 2011, 2012	-10,-25	icons\flag.png
46.183259	-82.811445	Lauzon Cr.	1971, 1982, 1984	-10,-25	icons\flag.png
46.203800	-82.661900	Spragge Creek	1961, 1967, 1971, 1975, 1983, 1993, 1997, 2004, 2007, 2008, 2010, 2011, 2012	-10,-25	icons\flag.png
46.208500	-82.632200	No Name	1990, 1995	-10,-25	icons\flag.png
46.208285	-82.623990	Marcellus	1961, 1967, 1997, 2002, 2006, 2010, 2011	-10,-25	icons\flag.png
46.206000	-82.620800	SERPENT	2012	-10,-25	icons\flag.png
46.186400	-82.299300	SPANISH	1961, 1967, 1969, 1970, 1971, 1972, 1974, 1975, 1978, 1981, 1985, 1989, 1993, 1996, 1999, 2000, 2003, 2006, 2008, 2010, 2011, 2012	-10,-25	icons\flag.png
45.910000	-82.256400	Kagawong River	1967, 1972, 1978, 1988, 1989, 1994, 1998, 2002, 2008, 2009, 2010, 2011	-10,-25	icons\flag.png
45.852324	-82.505957	No Name	1967, 1975, 1977, 1980, 1981, 1987	-10,-25	icons\flag.png
45.909100	-82.840800	SILVER	2002, 2008, 2010, 2011	-10,-25	icons\flag.png
45.862400	-83.340400	Sand Creek	1967, 1971, 1975, 1981, 1990, 1994, 2004, 2010, 2011	-10,-25	icons\flag.png
45.667100	-82.269100	Mindemoya R.	1973, 1978, 1987, 1994, 2001, 2010, 2011	-10,-25	icons\flag.png
45.636500	-82.216900	Timber Bay Creek	1969, 1973, 1975, 1977, 1981, 1985, 1989, 1993, 1998, 2002, 2006, 2010, 2011	-10,-25	icons\flag.png
45.626600	-82.197100	Hughson Creek	1989, 1993, 1998, 2001, 2005, 2008, 2010, 2011	-10,-25	icons\flag.png
45.599600	-82.103300	MANITOU	2012	-10,-25	icons\flag.png
45.592000	-82.092500	BLUE JAY	1969, 1972, 1973, 1975, 1977, 1981, 1982, 1986, 1987, 1990, 1994, 1999, 2007, 2011, 2012	-10,-25	icons\flag.png
45.689300	-81.754600	Kaboni Creek	1969, 1972, 1973, 1975, 1977, 1981, 1982, 1986, 1990, 1994, 1999, 2003, 2007, 2010, 2011	-10,-25	icons\flag.png
45.990900	-81.410900	Chikanishing River	1969, 1973, 1978	-10,-25	icons\flag.png
45.942815	-80.886968	French River	1960, 1968, 1972, 1976, 1984, 1989, 1995, 2003	-10,-25	icons\flag.png
45.888700	-80.733600	Key River	1969, 1973, 1976, 1978, 1984, 1989, 1992, 1994, 2000, 2005, 2006, 2011, 2012	-10,-25	icons\flag.png
45.773000	-80.556000	Still R.	1972	-10,-25	icons\flag.png
45.773400	-80.501800	Magnetawan R.	1960, 1968, 1969, 1971, 1972, 1973, 1974, 1976, 1980, 1981, 1983, 1988, 1996, 2011, 2012	-10,-25	icons\flag.png
45.658000	-80.537100	Naiscoot River	1960, 1968, 1969, 1972, 1973, 1974, 1976, 1978, 1980, 1984, 1988, 1993, 1999, 2006, 2011	-10,-25	icons\flag.png
45.305700	-80.043000	BOYNE	1960, 1968, 1972, 1980, 1984, 1988, 1993, 1999, 2004, 2008, 2012	-10,-25	icons\flag.png
45.281000	-80.059900	Squirrel Creek	1960, 1968, 1972, 1976, 1991, 1995, 1999, 2003, 2008, 2012	-10,-25	icons\flag.png
44.959500	-79.880700	Musquash R	1969, 1971, 1972, 1974	-10,-25	icons\flag.png
44.736700	-79.738100	Sturgeon River	1970, 1988, 1996, 2005	-10,-25	icons\flag.png
44.742800	-79.785000	Hog Creek	1960, 1968, 1972, 1976, 1979, 1985, 1989, 1995, 1999, 2003, 2007, 2011, 2012	-10,-25	icons\flag.png
44.719500	-80.028700	Lafontaine Creek	1978	-10,-25	icons\flag.png
44.536700	-80.008100	NOTTAWASAGA	1961, 1968	-10,-25	icons\flag.png
44.502400	-80.191900	Pretty River	1961, 1968, 1972, 1976, 1991, 1993, 1996, 1997, 1998, 2002, 2005, 2009, 2011, 2012	-10,-25	icons\flag.png
44.525800	-80.277200	Silver Creek	1972	-10,-25	icons\flag.png
44.607600	-80.589100	Bighead River	1960, 1968, 1972, 1973, 1976, 1979, 1982	-10,-25	icons\flag.png
44.625900	-80.877400	Bothwell's Creek	2000, 2003, 2006, 2007, 2010, 2012	-10,-25	icons\flag.png
44.578000	-80.941700	Sydenham River	1972, 1976, 1979	-10,-25	icons\flag.png
44.661600	-81.278900	Sauble R.	1968, 1972	-10,-25	icons\flag.png
44.501000	-81.373700	Saugeen River	1970, 1974, 1979, 1985, 1996, 2004	-10,-25	icons\flag.png
43.569600	-81.709700	Bayfield River	1971	-10,-25	icons\flag.png
46.318300	-84.220300	CHARLOTTE RIVER	1970	-10,-25	icons\flag.png
46.213000	-84.250500	Little Munuscong River	1981, 2010, 2011	-10,-25	icons\flag.png
46.206700	-84.249400	Munuscong River	1961, 1967, 1970, 1973, 1977, 1981, 1985, 1990, 1995, 1999, 2004, 2006, 2009, 2010	-10,-25	icons\flag.png
46.052400	-84.026500	CARLTON CREEK	1962, 1967, 1970, 1973, 1978, 1982, 1986, 1996, 1999, 2004, 2006, 2010, 2011	-10,-25	icons\flag.png
45.942600	-83.697800	CANOE LAKE OUTLET	1962, 1973, 1977, 1986, 2001, 2011	-10,-25	icons\flag.png
45.969000	-83.978700	CARIBOU CREEK	1970	-10,-25	icons\flag.png
45.966900	-83.984800	BEAR LAKE OUTLET	1966, 1970, 1973, 1978, 1982, 1991, 2004, 2008, 2010, 2011	-10,-25	icons\flag.png
45.966500	-83.986800	CARR CREEK	1973, 1977, 2010, 2011	-10,-25	icons\flag.png
45.958800	-83.998400	JOE STRAW CREEK	1966, 1970, 1978	-10,-25	icons\flag.png
45.967600	-84.063900	Huron Point Creek	1966, 1975	-10,-25	icons\flag.png
45.969900	-84.076400	ALBANY CREEK	2012	-10,-25	icons\flag.png
45.978800	-84.104100	TROUT CREEK	1966, 1970, 1973, 1975, 1978, 1979, 1980, 1982, 1984, 1986, 1988, 1989, 1991, 1994, 2001, 2007, 2010, 2011	-10,-25	icons\flag.png
45.979000	-84.200400	BEAVERTAIL CREEK	1966, 1970, 1972, 1973, 1975, 1979, 1984, 1989, 1994, 2001, 2005, 2009, 2010	-10,-25	icons\flag.png
45.988300	-84.232600	PRENTISS CREEK	1966, 1970, 1974, 1975, 1981, 1986, 1991, 1996, 2000, 2005, 2008, 2010, 2011	-10,-25	icons\flag.png
45.998100	-84.298300	MCKAY CREEK	1966, 1970, 1973, 1977, 1978, 1993, 2001, 2008, 2010, 2011	-10,-25	icons\flag.png
45.993900	-84.318100	FLOWERS CREEK	1966, 1970, 1974, 1975, 1979, 1982, 1984, 1990, 1995, 2001, 2007, 2008, 2010, 2011	-10,-25	icons\flag.png
45.995500	-84.363900	CEVILLE CREEK	1983, 2012	-10,-25	icons\flag.png
46.004300	-84.414400	HESSEL CREEK	1978, 1988, 1994, 2000, 2005, 2012	-10,-25	icons\flag.png
46.008300	-84.470300	STEELES CREEK	1970, 1974, 1979, 1986, 1991, 2004, 2008, 2010, 2011	-10,-25	icons\flag.png
46.032700	-84.562500	NUNS CREEK	1966, 1970, 1974, 1979, 1984, 2005, 2008, 2010, 2011	-10,-25	icons\flag.png
46.052600	-84.656100	PINE RIVER	1970, 1974, 1982, 1988, 1996, 2001, 2012	-10,-25	icons\flag.png
46.051700	-84.661800	MCCLOUD CREEK	1966, 1970, 1972, 1973, 1976, 1977, 1981, 1985, 1989, 1993, 1998, 2003, 2005, 2009, 2010	-10,-25	icons\flag.png
46.024200	-84.692300	CARP RIVER	1972	-10,-25	icons\flag.png
45.972100	-84.712600	MARTINEAU CREEK	1966, 1970, 1973, 1975, 1978, 1980, 1981, 1985, 1989, 1993, 1996, 2000, 2003, 2007, 2010, 2011	-10,-25	icons\flag.png
45.898200	-84.734600	Hoban Creek	1970, 1972, 1977, 1993, 2007, 2011, 2012	-10,-25	icons\flag.png
45.743400	-84.653300	266-20 CREEK	2012	-10,-25	icons\flag.png
45.666900	-84.486700	LITTLE BLACK RIVER	1976	-10,-25	icons\flag.png
45.660500	-84.465900	CHEBOYGAN RIVER	1967	-10,-25	icons\flag.png
45.654900	-84.418200	ELLIOT CREEK	1966, 1971, 1974, 1975, 1976, 1978, 1979, 1980, 1982, 1983, 1985, 1988, 1989, 1992, 1993, 1994, 1997, 1998, 1999, 2000, 2001, 2003, 2004, 2007, 2008, 2011, 2012	-10,-25	icons\flag.png
45.642300	-84.233200	GREENE CREEK	1966, 1970, 1974, 1978, 1983, 1987, 1992, 1996, 2004, 2008, 2012	-10,-25	icons\flag.png
45.662900	-84.357200	GRASS CREEK	1967, 1970, 1974, 1978, 1983, 1986, 1992, 1996, 2001, 2007, 2011, 2012	-10,-25	icons\flag.png
45.619200	-84.196400	MULLIGAN CREEK	1970, 1974, 1978	-10,-25	icons\flag.png
45.557100	-84.132300	GRACE CREEK	1966, 1970, 1972, 1977, 1983, 1986, 1994, 2009, 2011, 2012	-10,-25	icons\flag.png
45.539600	-84.130500	Black Mallard River	1967, 1970, 1972, 1977, 2005, 2008, 2009, 2012	-10,-25	icons\flag.png
45.511100	-84.115800	SEVENTEEN CREEK	1966, 1967, 1970, 1974, 1978, 1982, 1986, 1992, 2001, 2003, 2008, 2009, 2011, 2012	-10,-25	icons\flag.png
45.490000	-84.074200	OCQUEOC RIVER	1967, 2012	-10,-25	icons\flag.png
45.491500	-84.046200	Johnny Creek	1968, 1972, 1974, 1976, 1977, 1979, 1980, 1982, 1984, 1985, 1986, 1988, 1991, 1993, 1994, 1997, 1998, 2002, 2008, 2009, 2012	-10,-25	icons\flag.png
45.490200	-83.927900	SCHMIDT CREEK	1970	-10,-25	icons\flag.png
45.429100	-83.826700	TROUT RIVER	1967, 1970, 1977, 1983, 1987, 1989, 1993, 1998, 2004, 2008, 2012	-10,-25	icons\flag.png
45.405700	-83.737500	SWAN RIVER	1967, 1970, 1974, 1978, 1982, 1985, 1989, 1993, 1997, 2000, 2004, 2005, 2006, 2007, 2011	-10,-25	icons\flag.png
45.172400	-83.367900	Middle Lake Outlet	1967, 1970, 1977, 1980, 1983, 1996, 2007, 2010	-10,-25	icons\flag.png
45.157400	-83.346500	LONG LAKE CREEK	1967	-10,-25	icons\flag.png
44.958900	-83.445000	Squaw Creek (Cranberry Creek)	2003, 2004, 2007, 2008	-10,-25	icons\flag.png
44.926000	-83.420800	DEVILS RIVER	1967, 2010	-10,-25	icons\flag.png
44.816100	-83.299200	BLACK RIVER	1967, 1968, 1972, 1977, 1981, 1984, 1991, 1995, 2000, 2004, 2008, 2011	-10,-25	icons\flag.png
44.406400	-83.317400	Au Sable River	1968, 1994, 1998, 2003, 2007, 2010, 2011	-10,-25	icons\flag.png
44.258600	-83.526100	TAWAS LAKE OUTLET	1966, 1970, 1971, 1973, 1975, 1976, 1979, 1980, 1983, 1987, 1991, 1995, 1998, 2003, 2007, 2010	-10,-25	icons\flag.png
44.143500	-83.567800	East Augres River	1967, 1969, 1972, 1974, 1978, 1983, 1988, 1992, 1996, 1997, 1998, 2000, 2003, 2005, 2009	-10,-25	icons\flag.png
44.028300	-83.681900	AUGRES RIVER	1969, 1972, 1976, 1978, 1981, 1984, 1987, 1990, 1993, 1997, 2001, 2005, 2009	-10,-25	icons\flag.png
43.992600	-83.821700	RIFLE RIVER	1968, 1972, 1977, 1982, 1986, 1990, 1993, 1996, 1997, 2000, 2004, 2007, 2010	-10,-25	icons\flag.png
43.647600	-83.850500	SAGINAW RIVER	1969, 1972, 1975, 1979, 1983, 1985, 1989, 1993, 1997, 2000, 2002, 2006, 2008, 2011	-10,-25	icons\flag.png
43.220000	-82.520300	MILL CREEK	1977, 1979, 1984, 1985, 1987, 1988, 1991, 1993, 1995, 1996, 1997, 1998, 1999, 2002, 2003, 2005, 2006, 2007, 2008, 2009, 2010, 2012	-10,-25	icons\flag.png
42.665000	-81.204100	East Creek	1981, 1985	-10,-25	icons\flag.png
42.655200	-81.008000	Catfish Creek	1987	-10,-25	icons\flag.png
42.661500	-80.950100	Silver Creek	1987	-10,-25	icons\flag.png
42.639800	-80.807500	Big Otter Creek	2008, 2009	-10,-25	icons\flag.png
42.643900	-80.794000	South Otter Creek	1986, 1991, 1997, 2001, 2004, 2007, 2008, 2009	-10,-25	icons\flag.png
42.578500	-80.587200	Clear Creek	1986, 2009, 2010	-10,-25	icons\flag.png
42.602100	-80.449700	Big Creek	1986, 1991	-10,-25	icons\flag.png
42.673100	-80.368400	Forestville Creek	1987, 1989, 1992, 1996, 1999, 2003, 2006, 2008, 2009	-10,-25	icons\flag.png
42.709200	-80.309300	Normandale Creek	1987, 1989	-10,-25	icons\flag.png
42.719600	-80.292800	Fishers Creek	1987	-10,-25	icons\flag.png
42.754200	-80.256400	YOUNGS	1987	-10,-25	icons\flag.png
42.644700	-79.064200	DELAWARE CREEK	1987, 1991, 2001, 2006, 2008, 2009	-10,-25	icons\flag.png
42.570600	-79.137500	CATTARAUGUS CREEK	1986, 2005	-10,-25	icons\flag.png
42.561100	-79.141400	Halfway Brook	1986, 1990, 1994, 1999, 2001, 2004, 2007, 2008, 2009	-10,-25	icons\flag.png
42.477500	-79.367500	CANADAWAY CREEK	1986	-10,-25	icons\flag.png
42.005800	-80.437800	CROOKED CREEK	1986	-10,-25	icons\flag.png
41.990300	-80.482800	RACOON CREEK	1986, 1990, 1999, 2002, 2006, 2008, 2009	-10,-25	icons\flag.png
41.972600	-80.547800	CONNEAUT CREEK	1986, 1990, 2001, 2005, 2008, 2009	-10,-25	icons\flag.png
41.760300	-81.280800	GRAND RIVER	1986, 1990, 1995, 2000, 2003, 2006, 2008, 2009	-10,-25	icons\flag.png
42.820300	-82.485600	PINE RIVER	1987, 1999, 2003, 2006, 2008, 2009	-10,-25	icons\flag.png
42.998987	-82.419749	St. Clair River	1980, 1984, 1988	-10,-25	icons\flag.png
43.271400	-79.926300	Ancaster Creek	1986	-10,-25	icons\flag.png
43.392900	-79.707700	Bronte Creek	1971, 1977, 2003	-10,-25	icons\flag.png
43.440500	-79.666300	SIXTEEN MILE CR.	1971, 1974, 1977, 1980, 1982, 1986, 1989, 1992, 1995, 1998, 2001, 2004, 2007, 2010	-10,-25	icons\flag.png
43.549400	-79.583000	CREDIT R.	1971, 1976, 1982	-10,-25	icons\flag.png
43.794800	-79.115200	ROUGE R.	1971, 1977, 1980, 1985, 1987, 1991, 1996, 1999, 2002, 2008, 2011	-10,-25	icons\flag.png
43.804100	-79.104000	Petticoat Creek	1971, 1979, 1983, 1987, 1991, 1994, 1998, 2001, 2004, 2007, 2011	-10,-25	icons\flag.png
43.816500	-79.035000	Duffins Cr.	2004	-10,-25	icons\flag.png
43.827100	-78.986000	Carruthers Creek	1971, 1973, 1975, 1978, 1980, 1985, 1990, 1993, 1997, 2001, 2003, 2006, 2009, 2012	-10,-25	icons\flag.png
43.845300	-78.952600	LYNDE CR.	1976	-10,-25	icons\flag.png
43.865400	-78.822400	Oshawa Creek	1971, 1975, 1978, 1981, 1984, 1987, 1990, 1992, 1995, 1999, 2002, 2005, 2009, 2012	-10,-25	icons\flag.png
43.869000	-78.803700	Farewell Creek	1971, 1975, 1978, 1981, 1984, 1987, 1990, 1993, 1996, 2000, 2003, 2006, 2009, 2012	-10,-25	icons\flag.png
43.887800	-78.664200	BOWMANVILLE CR.	1971, 1973, 1977, 1981, 1985, 1989, 1992, 1995, 2000, 2003, 2007, 2010, 2012	-10,-25	icons\flag.png
43.896000	-78.596300	Wilmot Creek	1971, 1974, 1978, 1980, 1983, 1986, 1989, 1992, 1995, 1998, 2001, 2004, 2008, 2011	-10,-25	icons\flag.png
43.895600	-78.576000	GRAHAM CR.	1971, 1974, 1977, 1980, 1983, 1986, 1989, 1993, 1996, 2000, 2003, 2006, 2009, 2012	-10,-25	icons\flag.png
43.919900	-78.397000	Unnamed/Wesleyville Creek	1971, 1973, 1977, 1980, 1983, 1986, 1996	-10,-25	icons\flag.png
43.930100	-78.369400	Port Britain Creek	2002	-10,-25	icons\flag.png
43.950800	-78.265000	Gage Creek	1971, 1976, 1979, 1982, 1985, 1988, 1991, 1996, 2000, 2002, 2007, 2012	-10,-25	icons\flag.png
43.954300	-78.176200	COBOURG BR.	1971	-10,-25	icons\flag.png
43.960200	-78.107500	Covert Creek	1971, 1974, 1978, 1983, 1986, 1989, 1992, 1996	-10,-25	icons\flag.png
43.968100	-78.055700	Grafton Cr.	1994, 1999, 2002, 2005, 2010	-10,-25	icons\flag.png
43.966800	-77.999600	SHELTER VALLEY CR.	1971, 1975, 1979, 1982, 1985, 1988, 1996, 2002, 2007	-10,-25	icons\flag.png
43.980500	-77.901300	COLBORNE CR.	1971, 1974, 1977, 1980, 1982, 1984, 1986, 1996, 2003	-10,-25	icons\flag.png
44.000000	-77.831800	SALEM CR.	1971, 1976, 1979, 1982, 1985, 1988, 1995, 2003, 2009	-10,-25	icons\flag.png
44.025800	-77.716800	PROCTORS CR.	1971, 1976, 1979, 1982, 1985, 1989, 1994, 1998, 2002, 2006, 2009, 2012	-10,-25	icons\flag.png
44.034500	-77.671400	Smithfield Creek	1971, 1976, 1981, 1984, 1986, 1995, 1998, 2009, 2012	-10,-25	icons\flag.png
44.102800	-77.574200	Trent River	1971, 1976, 1982, 1985, 1986	-10,-25	icons\flag.png
44.160100	-77.384000	Moira River	1971, 1976, 1979, 1983, 1985, 1986, 1990, 1992, 1996, 2000, 2006, 2009, 2011, 2012	-10,-25	icons\flag.png
44.177000	-77.250700	Salmon River	2009, 2011	-10,-25	icons\flag.png
43.994100	-76.063800	BLACK R.	1971, 1975, 1978, 1991, 1994, 1997, 2000	-10,-25	icons\flag.png
43.822000	-76.235000	Stony Creek	1980, 1987, 1991, 1999, 2002, 2004, 2008, 2012	-10,-25	icons\flag.png
43.720100	-76.204100	SOUTH SANDY CR.	1972, 1982	-10,-25	icons\flag.png
43.669900	-76.176800	SKINNER CR.	1972, 1977, 1980, 1983, 1987, 1990, 1993, 1996, 1999, 2002, 2003, 2005, 2008, 2011	-10,-25	icons\flag.png
43.669900	-76.176800	LINDSEY CR.	1972, 1973, 1976, 1978, 1980, 1983, 1985, 1988, 1990, 1993, 2002, 2004, 2005	-10,-25	icons\flag.png
43.654300	-76.153800	Blind Creek	1972, 1973, 1976, 1978, 1980, 1983, 1985, 1988, 1990, 1993, 1994, 1997, 1999, 2002, 2004, 2006, 2008, 2011	-10,-25	icons\flag.png
43.639800	-76.169400	LITTLE SANDY CR.	1972, 1973, 1976	-10,-25	icons\flag.png
43.587700	-76.201000	DEER CR.	1972, 1973, 1976, 1979, 1982, 1985, 1987, 1989, 1992, 1995, 1998, 2001, 2004, 2005, 2008, 2010	-10,-25	icons\flag.png
43.575300	-76.203100	Salmon River	1972, 1973, 1976, 1979, 1981, 1984, 1986, 1989, 1992, 1995, 1999, 2002, 2004	-10,-25	icons\flag.png
43.550900	-76.214500	Grindstone Cr.	1972, 1973, 1975, 1978, 1981, 1983, 1986, 1989, 1992, 1995, 1997, 1998, 2001, 2003, 2005, 2007, 2008, 2009, 2010, 2011, 2012	-10,-25	icons\flag.png
43.536700	-76.224800	SNAKE CR.	1972, 1975, 1978, 1982, 1985, 1987, 1990, 1994, 1997, 1999, 2002, 2004, 2007, 2010	-10,-25	icons\flag.png
43.526700	-76.244500	Sage Creek	1972, 1975, 1980, 1986, 1989, 1992, 1995, 1999, 2002, 2005, 2008, 2011	-10,-25	icons\flag.png
43.524500	-76.258900	Little Salmon R.	1972, 1978	-10,-25	icons\flag.png
43.512900	-76.296000	Butterfly Creek	1972, 1975, 1979, 1982, 1985, 1989, 1992, 1994, 1997, 2000, 2003, 2006, 2009, 2012	-10,-25	icons\flag.png
43.513000	-76.324000	Catfish Creek	1972	-10,-25	icons\flag.png
43.466400	-76.514500	OSWEGO	1972, 1976, 1980, 1984, 1987, 1993, 1997, 2000, 2003, 2006, 2009, 2012	-10,-25	icons\flag.png
43.443600	-76.569200	Rice Creek	1981, 1984, 1988, 1989, 1993, 1994, 1995, 1996, 1998, 2001, 2004, 2007, 2010	-10,-25	icons\flag.png
43.413100	-76.623000	Eightmile Cr.	1972	-10,-25	icons\flag.png
43.408100	-76.636100	NINEMILE CR.	2001, 2004, 2007	-10,-25	icons\flag.png
43.343800	-76.699000	Sterling Cr.	1978, 1982, 1985, 1988, 1991, 1995, 1998, 2002, 2005, 2011	-10,-25	icons\flag.png
43.332700	-76.726700	Blind Sodus Creek	1972, 1975, 1979, 1982, 1985, 1988, 1991, 1994, 1997, 2000, 2003, 2006, 2009, 2012	-10,-25	icons\flag.png
43.309700	-76.796600	RED CR.	1978	-10,-25	icons\flag.png
43.272700	-76.827900	Wolcott Creek	1984, 1988, 1994, 2003, 2006, 2010	-10,-25	icons\flag.png
43.216800	-76.926500	SODUS CR.	1972, 1975, 1979	-10,-25	icons\flag.png
43.314900	-77.727000	Salmon Creek	1972, 1973, 1977, 1981, 1984, 1990, 1995, 1998, 2001, 2005, 2010	-10,-25	icons\flag.png
43.352000	-77.891400	Sandy Creek	1988, 1993, 1996, 2005	-10,-25	icons\flag.png
43.371700	-78.192500	Oak Orchard Cr	2009	-10,-25	icons\flag.png
43.372600	-78.268600	Johnson Creek	1988, 2008	-10,-25	icons\flag.png
43.237300	-76.957700	Third Creek	2010	-10,-25	icons\flag.png
43.262400	-76.993500	First Creek	1972	-10,-25	icons\flag.png
43.262400	-76.993500	First Creek	1972, 1980, 1990, 1995	-10,-25	icons\flag.png
